共105個元素:
493
4923
8106
409
3318
4036
7729
9430
4242
5626
4341
6510
9936
9781
3907
8177
2017
5252
8029
4203
9028
4283
9787
8087
7565
5369
4436
5162
764
2975
380
1876
2530
2792
1565
6489
1530
5332
1668
566
4176
3584
6607
7929
7599
1711
4518
2511
9502
6231
2809
4677
1438
5104
5013
6612
7734
3373
822
567
5366
5971
6448
9297
18
9490
4378
3338
1562
6490
1238
5111
7857
6031
8702
5167
6696
8686
1678
8715
3912
8098
7202
8035
7021
6268
5285
2258
4934
5340
1341
6755
8548
4587
8077
3612
5093
8904
8359
7017
872
2989
753
6902
5966